N = 100
R = 1.00
L = 15.0
DT = 0.005000
TF = 53.00
FRIC = 0.10
Passos = 500
Tempo de execução = 7.452657s
10000 passos até o equilíbrio.