N = 100
R = 1.00
L = 15.0
DT = 0.005000
TF = 1.00
FRIC = 0.10
Passos = 200
Tempo de execução = 0.159103s
